SMILE A,SMILE B,SMILE C,Young's Modulus (kPa) log10,Swelling Ratio (times),Source,Young's Modulus (kPa)
C/C(C[*])=C/C[*],C/C(C[*])=C/C[*],,2.903089986991944,,10.1134_s0965545x13020119_part_1.txt_段1_Material1,800.0000000000011
C/C(C[*])=C/C[*],COC(C(C[*])([*])C)=O,,2.9542425094393248,,10.1177_0021998316689721_part_1.txt_段1_Material1,899.9999999999998
C/C(C[*])=C/C[*],O=C1CCCN1C([*])C[*],,3.322219294733919,,10.1088_1757-899x_801_1_012091_part_1.txt_段1_Material1,2099.999999999999
C/C(C[*])=C/C[*],[*]C(C)C[*],,5.954242509439325,,10.15282_ijame.8.2013.19.0107_OA_part_3.txt_段1_Material3,900000.0000000007
C/C(C[*])=C/C[*],[*]C([H])([H])C(O)([H])[*],,3.505149978319906,,10.5254_1.3673424_part_1.txt_段1_Material1,3199.999999999999
C/C(C[*])=C/C[*],[*]CC([*])Cl,,3.832508912706236,,10.1002_app.38997_part_1.txt_段1_Material2,6799.999999999997
C/C(C[*])=C/C[*],[*]CC=CCCC(C#N)[*],,5.238046103128795,,10.1016_j.polymer.2018.10.012_part_3.txt_段1_Material1,172999.99999999985
C/C(C[*])=C/C[*],[*]CCCC(C1C([*])C2CC1C/C2=C/C)C,,3.505149978319906,,10.1080_1023666x.2015.1050905_part_2.txt_段1_Material1,3199.999999999999
C/C(C[*])=C/C[*],[*]CCCC([*])OC(C)=O,,6.041392685158225,,10.15282_ijame.8.2013.19.0107_OA_part_3.txt_段1_Material5,1100000.0000000007
C/C(C[*])=C/C[*],[*]CCN[*],,3.8813846567705728,,10.1007_s10118-016-1794-4_part_1.txt_段1_Material1,7609.999999999999
C/C(C[*])=C/C[*],[*]CC[*],,5.576341350205793,,10.1177_096739111602400913_part_1.txt_段1_Material1,376999.99999999977
CC(C=C([*])C=C1C)=C1O[*],[*]C(C)C[*],,6.707570176097937,,10.1515_epoly.2010.10.1.336_part_2.txt_段1_Material1,5100000.000000004
CC(CC(C(C(O1)=O)CC1=O)[*])C[*],CC(CC(C(C(O1)=O)CC1=O)[*])C[*],,6.107549129744687,,10.1016_j.compscitech.2015.01.001_part_1.txt_段1_Material1,1281000.0000000012
CC(CC(C(C(O1)=O)CC1=O)[*])C[*],O=C1C([*])C(CC[*])C(O1)=O,,4.193681029541281,,10.1007_s10924-018-1296-2_part_1.txt_段1_Material1,15619.999999999987
COC(C(C[*])([*])C)=O,COC(C(C[*])([*])C)=O,,6.2405492482826,,10.1002_adv.21749_part_2.txt_段1_Material1,1740000.0000000026
COC(C(C[*])([*])C)=O,C[Si](O[*])(C)[*],,5.278753600952829,,10.1039_c7sm00574a_part_2.txt_段1_Material1,190000.0
COC(C(C[*])([*])C)=O,O=C1CCCN1C([*])C[*],,6.313867220369153,,10.18280_rcma.330503_OA_part_2.txt_段1_Material1,2059999.9999999995
COC(C(C[*])([*])C)=O,[*]C([H])([H])C(O)([H])[*],,4.681241237375588,,10.56294_sctconf2024873_OA_part_2.txt_段1_Material1,48000.00000000005
COC(C(C[*])([*])C)=O,[*]CC(C#N)[*],,5.81504617606463,,10.1177_0021998311431995_part_1.txt_段1_Material1,653199.9999999994
COC(C(C[*])([*])C)=O,[*]CC(C)(C(OCCO)=O)[*],,3.204119982655925,,10.1002_pen.24931_part_2.txt_段1_Material1,1600.000000000001
COC(C(C[*])([*])C)=O,[*]CCN[*],,6.0,,10.1021_ie4043196_part_1.txt_段1_Material1,1000000.0
C[Si](C)(C[*])O[*],[*]CC(C#N)[*],,6.0,,10.1007_s10853-011-5965-y_part_1.txt_段1_Material1,1000000.0
C[Si](O[*])(C)[*],C[Si](C)(C[*])O[*],,3.146128035678238,,10.1002_admt.202000374_part_1.txt_段1_Material1,1400.0000000000005
C[Si](O[*])(C)[*],C[Si](O[*])(C)[*],,2.8750612633917,,10.1088_0960-1317_21_2_027002_part_1.txt_段1_Material1,750.0000000000001
C[Si](O[*])(C)[*],O=C1CCCN1C([*])C[*],,3.3138672203691533,,10.1002_pen.24240_part_1.txt_段1_Material4,2059.9999999999995
C[Si](O[*])(C)[*],[*]C(F)(C(F)([*])F)F,,2.6989700043360187,,10.1088_0960-1317_22_1_015013_part_1.txt_段1_Material1,500.0
C[Si](O[*])(C)[*],[*]C/C=C(C[*])\Cl,,3.2430380486862944,,10.1088_1361-665x_aa7a49_part_2.txt_段1_Material1,1750.0
C[Si](O[*])(C)[*],[*]C1=CC=C([*])N1,,2.6532125137753435,,10.1016_j.progpolymsci.2018.06.001_part_8.txt_段1_Material2,449.99999999999983
C[Si](O[*])(C)[*],[*]CC(C#N)[*],,2.1089031276673134,,10.1002_app.44780_part_2.txt_段1_Material1,128.5
C[Si](O[*])(C)[*],[*]CC1=CC=C(C(Cl)=C1)C[*],,4.431363764158987,,10.1016_j.jmbbm.2016.01.014_part_2.txt_段1_Material3,26999.99999999997
C[Si](O[*])(C)[*],[*]CCN[*],,4.431363764158987,,10.1016_j.jmbbm.2016.01.014_part_2.txt_段1_Material2,26999.99999999997
C[Si](O[*])(C)[*],[*]CC[*],,5.544068044350276,,10.1002_app.46192_part_2.txt_段1_Material1,350000.0
C[Si](O[*])(C)[*],[*]OCC[*],,2.740362689494244,,10.3390_polym12071520_part_2.txt_段1_Material1,550.0000000000003
O=C(N)C([*])C[*],O=C(N)C([*])C[*],,1.954242509439325,,10.1016_j.polymer.2019.02.012_part_3.txt_段1_Material1,90.00000000000003
O=C(N)C([*])C[*],O=C(O)C([*])C[*],,1.9549175537349588,,10.1016_j.nanoen.2019.01.032_part_1.txt_段1_Material1,90.14
O=C(N)C([*])C[*],[*]C([H])([H])C(O)([H])[*],,1.9268567089496924,,10.1002_mame.201900450_part_1.txt_段1_Material1,84.50000000000001
O=C(N)C([*])C[*],[*]CC(C#N)[*],,1.380211241711606,,10.1021_acsami.9b05464_part_1.txt_段1_Material1,24.0
O=C(N)C([*])C[*],[*]OCC[*],,0.6334684555795865,,10.1080_09205063.2016.1230933_part_2.txt_段1_Material1,4.3
O=C(O)C([*])C[*],C[Si](O[*])(C)[*],,5.445604203273597,,10.1016_j.porgcoat.2016.10.009_part_3.txt_段1_Material1,278999.9999999999
O=C(O)C([*])C[*],O=C(N)C([*])C[*],,1.7781512503836436,,10.1016_j.carbpol.2018.06.047_part_2.txt_段1_Material1,60.0
O=C(O)C([*])C[*],[*]CC(C)(C(OCCO)=O)[*],,4.101747073946366,,10.1055_s-0040-1717051_part_1.txt_段1_Material1,12639.999999999993
O=C([*])C(C)O[*],COC(C(C[*])([*])C)=O,,6.531478917042255,,10.1002_app.43935_part_2.txt_段1_Material4,3400000.000000002
O=C([*])C(C)O[*],C[Si](C)(C[*])O[*],,6.266114049531676,,10.1038_s41428-024-00971-0_OA_part_2.txt_段1_Material1,1845499.9999999984
O=C([*])C(C)O[*],O=C(N)C([*])C[*],,2.0791812460476247,,10.3390_polym10040403_part_2.txt_段1_Material1,119.99999999999996
O=C([*])C(C)O[*],O=C([*])C(C)O[*],,6.137926673293154,,10.1002_pc.25284_part_2.txt_段1_Material1,1373810.0
O=C([*])C(C)O[*],O=C1C([*])C(CC[*])C(O1)=O,,4.342422680822207,,10.1002_vnl.21710_part_1.txt_段1_Material1,22000.00000000002
O=C([*])C(C)O[*],OCC1OC(C(C(C1O[*])O)O)[*],,6.371067862271736,,10.1177_0892705711425846_part_2.txt_段1_Material2,2349999.9999999977
O=C([*])C(C)O[*],[*]C(C(O[*])C)=O,,6.230448921378274,,10.1002_mame.202000805_part_2.txt_段1_Material1,1700000.0000000007
O=C([*])C(C)O[*],[*]C(C)C(OCC(O[*])=O)=O,,6.361727836017593,,10.1016_j.polymdegradstab.2019.109018_part_2.txt_段1_Material3,2300000.000000001
O=C([*])C(C)O[*],[*]C(C)C[*],,5.089905111439398,,10.1007_s10924-011-0382-5_part_1.txt_段1_Material1,123000.00000000004
O=C([*])C(C)O[*],[*]C(OCCCO[*])=O,,4.453624073591451,,10.4028_www.scientific.net_amr.884-885.481_part_1.txt_段1_Material1,28419.999999999985
O=C([*])C(C)O[*],[*]C([C@H](C)OC([C@H](C)O[*])=O)=O,,6.086359830674748,,10.1007_s00289-019-02862-4_part_3.txt_段1_Material3,1220000.0000000005
O=C([*])C(C)O[*],[*]C([H])([H])C(O)([H])[*],,6.319314304090512,,10.3390_polym11081314_part_2.txt_段1_Material1,2086000.0000000007
O=C([*])C(C)O[*],[*]C/C=C(C[*])\Cl,,5.187520720836463,,10.1002_pat.4274_part_1.txt_段1_Material1,153999.99999999985
O=C([*])C(C)O[*],[*]C/C=C/C[*],,5.528916700277655,,10.1021_ma401508b_part_2.txt_段1_Material2,338000.0000000003
O=C([*])C(C)O[*],[*]C1=C2C(OCCO2)=C([*])S1,,6.568201724066995,,10.1002_adem.202100002_part_1.txt_段1_Material1,3700000.0
O=C([*])C(C)O[*],[*]CC(C#N)[*],,6.477121254719663,,10.1016_j.addr.2016.04.003_part_3.txt_段1_Material2,3000000.000000001
O=C([*])C(C)O[*],[*]CC(C(OCC)=O)[*],,5.3979400086720375,,10.1002_app.36842_part_1.txt_段1_Material3,250000.0
O=C([*])C(C)O[*],[*]CC(OC(O[*])=O)C,,5.71717102683231,,10.1002_app.46009_part_3.txt_段1_Material1,521400.00000000006
O=C([*])C(C)O[*],[*]CC=CCCC(C#N)[*],,6.049218022670182,,10.1177_0095244320958108_part_2.txt_段1_Material1,1120000.000000001
O=C([*])C(C)O[*],[*]CCC1C([*])C2CCC1C2,,6.489958479424835,,10.1177_0892705712475008_part_2.txt_段1_Material1,3090000.0
O=C([*])C(C)O[*],[*]CCCC([*])C(OC)=O,,6.3560258571931225,,10.1002_app.44677_part_2.txt_段1_Material1,2269999.999999999
O=C([*])C(C)O[*],[*]CCCC([*])OC(C)=O,,6.182671386675478,,10.1016_j.polymertesting.2020.106735_part_2.txt_段1_Material2,1522899.999999999
O=C([*])C(C)O[*],[*]CCN[*],,6.5910646070265,,10.1080_03602559.2014.909477_part_2.txt_段1_Material1,3900000.000000011
O=C([*])C(C)O[*],[*]CC[*],,6.32221929473392,,10.4028_www.scientific.net_amm.754-755.54_part_1.txt_段1_Material1,2100000.0000000056
O=C([*])C(C)O[*],[*]NC(C(O)=O)CCC([*])=O,,6.278753600952829,,10.1039_d0gc01394c_part_3.txt_段1_Material2,1899999.9999999995
O=C([*])C(C)O[*],[*]OC(CC(OC(CC([*])=O)CC)=O)C,,6.399154333958217,,10.3144_expresspolymlett.2018.10_part_2.txt_段1_Material1,2507000.000000002
O=C([*])C(C)O[*],[*]OCC[*],,6.073105874968971,,10.3390_polym12020427_part_3.txt_段1_Material1,1183330.0000000005
O=C([*])C(C)O[*],[*]O[C@H](C)CC([*])=O,,6.474755154291798,,10.5552_drind.2018.1737_part_1.txt_段1_Material1,2983699.9999999977
O=C1CCCN1C([*])C[*],C[Si](O[*])(C)[*],,3.397940008672037,,10.1016_j.porgcoat.2020.105975_part_1.txt_段1_Material1,2499.999999999997
O=C1CCCN1C([*])C[*],[*]OCC[*],,5.698970004336019,,10.1002_polb.23065_part_3.txt_段1_Material1,500000.0
OCC1OC(C(C(C1O[*])O)O)[*],C/C(C[*])=C/C[*],,6.350248018334163,,10.1016_j.matlet.2013.08.109_part_1.txt_段1_Material1,2240000.000000002
OCC1OC(C(C(C1O[*])O)O)[*],[*]C(CCCCCO[*])=O,,4.176091259055681,,10.4028_www.scientific.net_kem.659.19_part_1.txt_段1_Material1,15000.000000000004
[*]C(C(OC(CO[*])=O)C)=O,[*]OCC[*],,5.7160033436348,,10.1002_pat.1780_part_2.txt_段1_Material1,520000.0000000014
[*]C(C(O[*])C)=O,[*]C(C)C(OCC(O[*])=O)=O,,6.146128035678238,,10.1080_03602551003681846_part_1.txt_段1_Material3,1400000.0000000005
[*]C(C(O[*])C)=O,[*]OCC[*],,5.447158031342219,,10.1166_jnn.2017.12717_part_1.txt_段1_Material1,280000.0000000001
[*]C(C)C[*],C/C(C[*])=C/C[*],,6.079181246047625,,10.1088_1757-899x_957_1_012020_part_1.txt_段1_Material1,1200000.0000000007
[*]C(C)C[*],CC(CC(C(C(O1)=O)CC1=O)[*])C[*],,5.444825199509748,,10.1177_0021998311413686_part_1.txt_段1_Material1,278500.00000000023
[*]C(C)C[*],O=C(O)C([*])C[*],,6.079181246047625,,10.1002_app.46597_part_1.txt_段1_Material1,1200000.0000000007
[*]C(C)C[*],O=C([*])C(C)O[*],,6.544068044350276,,10.1016_j.compositesa.2015.03.029_part_2.txt_段1_Material1,3500000.0000000005
[*]C(C)C[*],[*]C(C)C[*],,6.193124598354461,,10.3390_ma9050314_part_1.txt_段1_Material1,1559999.9999999984
[*]C(C)C[*],[*]C/C=C/C[*],,7.498310553789601,,10.1515_secm.2011.011_part_1.txt_段1_Material4,31500000.000000022
[*]C(C)C[*],[*]CC(C#N)[*],,7.4954055631461936,,10.1002_app.32936_part_2.txt_段1_Material1,31290000.00000002
[*]C(C)C[*],[*]CC(OC(O[*])=O)C,,6.079181246047625,,10.1002_app.45266_part_2.txt_段1_Material1,1200000.0000000007
[*]C(C)C[*],[*]CC([*])CC,,5.663700925389648,,10.1088_1757-899x_490_2_022037_part_2.txt_段1_Material1,460999.9999999998
[*]C(C)C[*],[*]CC=CCCC(C#N)[*],,6.004321373782642,,10.1177_0307174x1704400603_part_1.txt_段1_Material1,1009999.9999999992
[*]C(C)C[*],[*]CCCC(C1C([*])C2CC1C/C2=C/C)C,,5.5301996982030825,,10.3139_217.3286_part_2.txt_段1_Material1,339000.0000000003
[*]C(C)C[*],[*]CCCC([*])OC(C)=O,,4.711807229041191,,10.1002_pc.23159_part_1.txt_段1_Material1,51499.99999999997
[*]C(C)C[*],[*]CCN[*],,6.188647295999718,,10.1016_j.compstruct.2018.01.090_part_2.txt_段1_Material1,1544000.000000001
[*]C(C)C[*],[*]CC[*],,6.0,,10.1007_s10965-013-0303-5_part_2.txt_段1_Material1,1000000.0
[*]C(C)C[*],[*]OC(CC(OC(CC([*])=O)CC)=O)C,,5.77451696572855,,10.1002_app.37957_part_1.txt_段1_Material1,595000.0000000003
[*]C(C)C[*],[*]OCC[*],,6.0,,10.1002_macp.201300355_part_2.txt_段1_Material1,1000000.0
[*]C(C=C1)=CC=C1S[*],[*]OCC[*],,5.230448921378274,,10.1016_j.memsci.2017.02.040_part_2.txt_段1_Material1,170000.00000000006
[*]C(F)(C(F)([*])F)F,COC(C(C[*])([*])C)=O,,5.477121254719663,,10.1016_j.apsusc.2018.12.229_part_1.txt_段1_Material1,300000.0000000001
[*]C([C@H](C)OC([C@H](C)O[*])=O)=O,CC(CO[*])[*],,5.331589240955137,,10.1002_app.45299_part_1.txt_段1_Material1,214580.0
[*]C([C@H](C)OC([C@H](C)O[*])=O)=O,C[Si](O[*])(C)[*],,5.176091259055681,,10.1002_app.40211_part_1.txt_段1_Material1,150000.00000000003
[*]C([C@H](C)OC([C@H](C)O[*])=O)=O,[*]C(C(O[*])C)=O,,6.419129307741976,,10.1007_s00289-015-1595-x_part_3.txt_段1_Material1,2625000.0000000005
[*]C([C@H](C)OC([C@H](C)O[*])=O)=O,[*]C(C=C1)=CC=C1S[*],,6.505149978319906,,10.1002_pol.20190192_part_2.txt_段1_Material1,3200000.0000000023
[*]C([C@H](C)OC([C@H](C)O[*])=O)=O,[*]C([C@H](C)OC([C@H](C)O[*])=O)=O,,6.382017042574868,,10.1002_pen.24345_part_2.txt_段1_Material1,2410000.0
[*]C([C@H](C)OC([C@H](C)O[*])=O)=O,[*]C([H])([H])C(O)([H])[*],,6.366982975977851,,10.1016_j.coco.2020.100564_part_1.txt_段1_Material1,2327999.999999999
[*]C([C@H](C)OC([C@H](C)O[*])=O)=O,[*]CC(C(OCC)=O)[*],,5.924279286061882,,10.1016_j.eurpolymj.2014.11.007_part_2.txt_段1_Material1,840000.0000000007
[*]C([C@H](C)OC([C@H](C)O[*])=O)=O,[*]CCCC([*])OC(C)=O,,6.0,,10.1016_j.compositesb.2016.09.082_part_1.txt_段1_Material1,1000000.0
[*]C([C@H](C)OC([C@H](C)O[*])=O)=O,[*]CC[*],,6.12057393120585,,10.1080_03602559.2015.1098698_part_16.txt_段1_Material3,1319999.999999999
[*]C([C@H](C)OC([C@H](C)O[*])=O)=O,[*]NC(C(O)=O)CCC([*])=O,,7.0178677189635055,,10.1016_j.actbio.2016.12.038_part_3.txt_段1_Material1,10419999.999999994
[*]C([C@H](C)OC([C@H](C)O[*])=O)=O,[*]OCC[*],,5.934498451243568,,10.1002_app.44187_part_2.txt_段1_Material3,860000.0000000013
[*]C([H])([H])C(O)([H])[*],C[Si](C)(C[*])O[*],,6.3979400086720375,,10.1016_j.compscitech.2018.06.007_part_1.txt_段1_Material1,2499999.9999999995
[*]C([H])([H])C(O)([H])[*],C[Si](O[*])(C)[*],,3.9242792860618816,,10.1016_j.compscitech.2018.06.007_part_2.txt_段1_Material1,8399.999999999998
[*]C([H])([H])C(O)([H])[*],O=C(O)C([*])C[*],,3.42845877351558,,10.1080_09205063.2019.1706148_part_3.txt_段1_Material1,2681.9999999999995
[*]C([H])([H])C(O)([H])[*],O=C([*])C(C)O[*],,6.4623979978989565,,10.1016_j.carbpol.2014.07.032_part_2.txt_段1_Material3,2900000.000000003
[*]C([H])([H])C(O)([H])[*],O=C1CCCN1C([*])C[*],,5.847276448275631,,10.1080_1539445x.2018.1546191_part_4.txt_段1_Material1,703519.9999999995
[*]C([H])([H])C(O)([H])[*],OCC1OC(C(C(C1O[*])O)O)[*],,5.041392685158225,,10.3390_pr8091149_part_2.txt_段1_Material2,110000.00000000007
[*]C([H])([H])C(O)([H])[*],[*]C(C)C[*],,7.602059991327962,,10.1007_s11771-018-3716-9_part_1.txt_段1_Material1,39999999.999999925
[*]C([H])([H])C(O)([H])[*],[*]C([H])([H])C(O)([H])[*],,4.661812685537261,,10.1016_j.ijadhadh.2019.102539_part_1.txt_段1_Material1,45899.99999999998
[*]C([H])([H])C(O)([H])[*],[*]CC(C#N)[*],,6.0,,10.1088_0964-1726_23_7_075016_part_3.txt_段1_Material1,1000000.0
[*]C([H])([H])C(O)([H])[*],[*]CCN[*],,5.050147658020303,,10.1039_c5ra11662g_part_2.txt_段1_Material3,112239.9999999999
[*]C([H])([H])C(O)([H])[*],[*]OCC[*],,5.826074802700826,,10.1109_jsen.2020.3027672_part_1.txt_段1_Material1,669999.9999999993
[*]C([H])([H])C(O)([H])[*],[*]O[C@H](C)CC([*])=O,,5.021189299069938,,10.1515_polyeng-2014-0202_part_1.txt_段1_Material1,105000.00000000004
[*]C1=C(C(C[*])=CC=C1)O,COC(C(C[*])([*])C)=O,,6.079181246047625,,10.1557_jmr.2015.331_part_2.txt_段1_Material1,1200000.0000000007
[*]C1=C(C(C[*])=CC=C1)O,O=C(N)C([*])C[*],,3.103803720955957,,10.1016_j.agwat.2019.05.020_part_2.txt_段1_Material3,1269.9999999999998
[*]CC(C#N)[*],COC(C(C[*])([*])C)=O,,7.332438459915605,,10.1021_acsanm.0c00364_part_1.txt_段1_Material1,21499999.99999998
[*]CC(C#N)[*],C[Si](O[*])(C)[*],,3.096910013008056,,10.1039_c8sm01271g_part_4.txt_段1_Material1,1249.9999999999982
[*]CC(C#N)[*],[*]C(C)C[*],,7.4271224218663345,,10.1088_1755-1315_330_2_022122_part_1.txt_段1_Material1,26737600.00000001
[*]CC(C#N)[*],[*]C([H])([H])C(O)([H])[*],,5.0,,10.1088_0964-1726_23_7_075016_part_1.txt_段1_Material3,100000.0
[*]CC(C#N)[*],[*]CC(C#N)[*],,5.174931593528442,,10.1038_s41467-019-09218-6_part_1.txt_段1_Material1,149599.9999999999
[*]CC(C#N)[*],[*]CCN[*],,6.021189299069938,,10.1021_acs.iecr.5b01236_part_2.txt_段1_Material5,1050000.0000000005
[*]CC(C#N)[*],[*]OCC[*],,5.346352974450639,,10.1021_acsami.6b00359_part_3.txt_段1_Material2,222000.0000000001
[*]CC(C)(C(OCCO)=O)[*],O=C(N)C([*])C[*],,3.0791812460476247,,10.1590_0104-1428.2097_part_1.txt_段1_Material1,1199.9999999999995
[*]CC(C)(C(OCCO)=O)[*],[*]C([C@H](C)OC([C@H](C)O[*])=O)=O,,3.556302500767288,,10.1016_j.eurpolymj.2016.10.023_part_3.txt_段1_Material1,3600.000000000008
[*]CC(C)(C(OCCO)=O)[*],[*]CC(C)(C(OCCO)=O)[*],,2.9912260756924947,,10.1016_j.eurpolymj.2018.02.035_part_1.txt_段1_Material2,979.9999999999995
[*]CC(OC(O[*])=O)C,[*]C(C)C[*],,5.742725131304698,,10.1177_1558925019849714_part_2.txt_段1_Material1,552999.9999999995
[*]CC(OC(O[*])=O)C,[*]C(C=C1)=CC=C1S[*],,4.845098040014257,,10.1007_s10118-014-1466-1_part_2.txt_段1_Material1,70000.00000000001
[*]CC(OC(O[*])=O)C,[*]C([C@H](C)OC([C@H](C)O[*])=O)=O,,5.857030798272624,,10.1007_s10853-021-05830-4_part_2.txt_段1_Material3,719499.9999999999
[*]CC(OC(O[*])=O)C,[*]C([H])([H])C(O)([H])[*],,6.078094150406411,,10.1002_pi.6235_part_2.txt_段1_Material4,1197000.000000001
[*]CC(OC(O[*])=O)C,[*]CCCC([*])OC(C)=O,,5.963787827345556,,10.1007_s00289-015-1310-y_part_1.txt_段1_Material1,920000.0000000006
[*]CC([*])Cl,C/C(C[*])=C/C[*],,3.3010299956639813,,10.1016_j.proche.2016.03.105_part_1.txt_段1_Material1,2000.0
[*]CC([*])Cl,COC(C(C[*])([*])C)=O,,6.392978186542541,,10.1080_10739149.2016.1164713_part_2.txt_段1_Material1,2471600.000000001
[*]CC([*])Cl,O=C([*])C(C)O[*],,6.463445031770428,,10.1002_pen.21867_part_1.txt_段1_Material3,2907000.000000003
[*]CC([*])Cl,O=C1CCCN1C([*])C[*],,6.544068044350276,,10.1016_j.memsci.2020.118947_part_1.txt_段1_Material1,3500000.0000000005
[*]CC([*])Cl,[*]C(C)C[*],,6.152288344383057,,10.1080_00914037.2010.531822_part_2.txt_段1_Material1,1420000.0000000007
[*]CC([*])Cl,[*]C([H])([H])C(O)([H])[*],,6.544068044350276,,10.1016_j.coco.2016.06.001_part_1.txt_段1_Material1,3500000.0000000005
[*]CC([*])Cl,[*]CC(OC(O[*])=O)C,,5.02938377768521,,10.1021_acs.macromol.1c00659_part_2.txt_段1_Material1,107000.0
[*]CC([*])Cl,[*]CCCC([*])OC(C)=O,,6.176091259055681,,10.1016_j.compositesa.2014.03.023_part_1.txt_段1_Material1,1500000.0000000005
[*]CC([*])Cl,[*]OCC[*],,5.787318756624548,,10.4028_www.scientific.net_amm.679.128_part_1.txt_段1_Material1,612800.0000000005
[*]CC=CCCC(C#N)[*],C/C(C[*])=C/C[*],,3.404833716619938,,10.1155_2013_798232_part_2.txt_段1_Material1,2540.0
[*]CC=CCCC(C#N)[*],[*]C(C)C[*],,4.968482948553935,,10.1177_0307174x1304000811_part_1.txt_段1_Material1,92999.99999999993
[*]CC=CCCC(C#N)[*],[*]CC([*])Cl,,6.146128035678238,,10.1007_s10973-019-09194-5_part_1.txt_段1_Material1,1400000.0000000005
[*]CC=CCCC(C#N)[*],[*]CC=CCCC(C#N)[*],,4.008600171761918,,10.1515_polyeng-2016-0375_part_1.txt_段1_Material1,10200.00000000001
[*]CC=CCCC(C#N)[*],[*]CCCC([*])OC(C)=O,,4.089905111439398,,10.1002_pc.26049_part_1.txt_段1_Material1,12300.000000000004
[*]CCC1C([*])C2CCC1C2,[*]CCCC([*])OC(C)=O,,7.05865374157237,,10.1002_vnl.21419_part_2.txt_段1_Material1,11446000.0
[*]CCCC(C1C([*])C2CC1C/C2=C/C)C,[*]CC=CCCC(C#N)[*],,3.431363764158988,,10.1016_j.polymertesting.2020.106608_part_1.txt_段1_Material1,2700.000000000003
[*]CCCC([*])C(OC)=O,[*]CC=CCCC(C#N)[*],,6.176091259055681,,10.1515_chem-2017-0047_part_2.txt_段1_Material1,1500000.0000000005
[*]CCCC([*])OC(C)=O,C[Si](O[*])(C)[*],,3.3010299956639813,,10.1007_s13233-018-6134-9_part_1.txt_段1_Material2,2000.0
[*]CCCC([*])OC(C)=O,[*]CC=CCCC(C#N)[*],,5.041392685158225,,10.1016_j.polymer.2020.122212_part_1.txt_段1_Material1,110000.00000000007
[*]CCCC([*])OC(C)=O,[*]CCCC([*])OC(C)=O,,4.41161970596323,,10.3390_polym11061055_part_3.txt_段1_Material1,25800.0
[*]CCCC([*])OC(C)=O,[*]CC[*],,5.17897694729317,,10.1016_j.polymertesting.2017.08.028_part_3.txt_段1_Material1,151000.0000000001
[*]CCN[*],O=C(O)C([*])C[*],,5.271841606536499,,10.1021_acs.macromol.5b00797_part_1.txt_段1_Material1,186999.99999999985
[*]CCN[*],O=C([*])C(C)O[*],,5.365487984890899,,10.1016_j.wasman.2018.02.045_part_2.txt_段1_Material1,231999.99999999985
[*]CCN[*],O=C1C([*])C(CC[*])C(O1)=O,,6.377563035549853,,10.1016_j.polymertesting.2016.12.026_part_1.txt_段1_Material1,2385410.0
[*]CCN[*],[*]C(C)C[*],,4.698970004336019,,10.1016_j.matdes.2009.07.031_part_2.txt_段1_Material1,49999.99999999999
[*]CCN[*],[*]C([H])([H])C(O)([H])[*],,7.602059991327962,,10.1016_j.conbuildmat.2018.05.163_part_1.txt_段1_Material1,39999999.999999925
[*]CCN[*],[*]CC([*])CC,,5.622214022966295,,10.1155_2014_654260_part_2.txt_段1_Material1,418999.9999999998
[*]CCN[*],[*]CC([*])Cl,,6.201397124320452,,10.1515_polyeng-2012-0004_part_1.txt_段1_Material1,1590000.000000001
[*]CCN[*],[*]CC=CCCC(C#N)[*],,6.176091259055681,,10.1016_j.arabjc.2012.04.007_part_1.txt_段1_Material1,1500000.0000000005
[*]CCN[*],[*]CCCC([*])OC(C)=O,,6.079181246047625,,10.1002_app.49401_part_1.txt_段1_Material1,1200000.0000000007
[*]CCN[*],[*]CCN[*],,6.2405492482826,,10.1021_am201752d_part_1.txt_段1_Material1,1740000.0000000026
[*]CCN[*],[*]CC[*],,5.891147030448771,,10.1016_j.compositesb.2018.07.049_part_2.txt_段1_Material1,778299.9999999995
[*]CCN[*],[*]OC(CC(OC(CC([*])=O)CC)=O)C,,5.931966114728173,,10.1002_app.37957_part_1.txt_段1_Material2,855000.0000000003
[*]CCN[*],[*]OCC[*],,5.146778989307833,,10.3390_molecules26082143_part_6.txt_段1_Material1,140210.0000000001
[*]CC[*],C/C(C[*])=C/C[*],,5.021189299069938,,10.1016_j.polymertesting.2011.06.006_part_2.txt_段1_Material1,105000.00000000004
[*]CC[*],C[Si](C)(C[*])O[*],,6.008600171761918,,10.1016_j.eurpolymj.2019.06.016_part_2.txt_段1_Material1,1020000.0000000008
[*]CC[*],O=C(O)C([*])C[*],,5.2552725051033065,,10.1088_1757-899x_11_1_012001_part_1.txt_段1_Material1,180000.00000000015
[*]CC[*],O=C([*])C(C)O[*],,6.041392685158225,,10.1134_s0965545x16010077_part_1.txt_段1_Material1,1100000.0000000007
[*]CC[*],O=C1C([*])C(CC[*])C(O1)=O,,6.2455126678141495,,10.1177_0892705720962170_part_1.txt_段1_Material1,1759999.9999999986
[*]CC[*],[*]C(C)C[*],,6.441176499941076,,10.1080_09593330.2021.1946162_part_2.txt_段1_Material1,2761699.999999999
[*]CC[*],[*]C([H])([H])C(O)([H])[*],,4.6020599913279625,,10.4028_www.scientific.net_amr.1133.156_part_1.txt_段1_Material1,40000.00000000001
[*]CC[*],[*]CC(C#N)[*],,5.051923916046107,,10.1002_app.32971_part_1.txt_段1_Material1,112700.0000000001
[*]CC[*],[*]CC(C(CCC)=O)([*])C,,5.756636108245848,,10.1016_j.clay.2017.06.035_part_2.txt_段1_Material1,571000.0000000001
[*]CC[*],[*]CC([*])Cl,,5.862727528317975,,10.3139_217.2489_part_1.txt_段1_Material1,729000.0000000001
[*]CC[*],[*]CC=CCCC(C#N)[*],,5.079181246047625,,10.1080_03602559.2014.974191_part_2.txt_段1_Material1,120000.00000000007
[*]CC[*],[*]CCC1C([*])C2CCC1C2,,6.079181246047625,,10.4236_ojcm.2022.123007_OA_part_1.txt_段1_Material1,1200000.0000000007
[*]CC[*],[*]CCCC(C1C([*])C2CC1C/C2=C/C)C,,5.121559844187501,,10.1177_0095244310379175_part_3.txt_段1_Material4,132299.99999999994
[*]CC[*],[*]CCCC([*])OC(C)=O,,6.218272853571447,,10.1515_polyeng-2014-0213_part_1.txt_段1_Material1,1652999.9999999986
[*]CC[*],[*]CCN[*],,6.924279286061882,,10.1002_mame.202000252_part_1.txt_段1_Material1,8400000.000000007
[*]CC[*],[*]CC[*],,6.134495855834674,,10.1002_app.45755_part_1.txt_段1_Material2,1363000.0000000002
[*]CC[*],[*]OCC[*],,5.518513939877887,,10.5755_j01.ms.23.2.15074_part_1.txt_段1_Material1,329999.9999999997
[*]CC[*],[*]O[C@H](C)CC([*])=O,,5.899820502427096,,10.3389_fmats.2020.00031_part_2.txt_段1_Material1,794000.0000000003
[*]OC(CC(OC(CC([*])=O)CC)=O)C,O=C([*])C(C)O[*],,6.230448921378274,,10.1002_mame.201100053_part_1.txt_段1_Material1,1700000.0000000007
[*]OC(CC(OC(CC([*])=O)CC)=O)C,[*]C(C)C(OCC(O[*])=O)=O,,4.346744054604849,,10.1088_2053-1591_ab0eaa_part_5.txt_段1_Material2,22220.0
[*]OC(CC(OC(CC([*])=O)CC)=O)C,[*]C([H])([H])C(O)([H])[*],,6.1702617153949575,,10.1080_25740881.2021.1918162_part_3.txt_段1_Material1,1480000.0000000005
[*]OC(CC(OC(CC([*])=O)CC)=O)C,[*]CCCC([*])OC(C)=O,,6.358886204405869,,10.1016_j.polymertesting.2020.106615_part_1.txt_段1_Material1,2285000.0000000005
[*]OC(CC(OC(CC([*])=O)CC)=O)C,[*]OCC[*],,4.314288660947498,,10.1039_c6py01131d_part_2.txt_段1_Material1,20620.00000000001
[*]OC1=C(C([*])=CC=C1C)C,[*]C(C)C[*],,6.913813852383717,,10.1016_j.polymer.2018.05.075_part_2.txt_段1_Material2,8200000.0
[*]OCC[*],COC(C(C[*])([*])C)=O,,5.0,,10.1155_2015_101692_part_2.txt_段1_Material2,100000.0
[*]OCC[*],C[Si](C)(C[*])O[*],,5.301029995663981,,10.1016_j.polymer.2018.07.034_part_6.txt_段1_Material1,200000.00000000003
[*]OCC[*],C[Si](O[*])(C)[*],,4.123851640967086,,10.1016_j.electacta.2019.03.172_part_3.txt_段1_Material1,13300.0
[*]OCC[*],[*]C([C@H](C)OC([C@H](C)O[*])=O)=O,,6.496791315700042,,10.1515_pac-2016-0919_part_2.txt_段1_Material1,3138999.9999999977
[*]OCC[*],[*]CC(C#N)[*],,4.486713775982485,,10.1002_vnl.21576_part_2.txt_段1_Material1,30669.99999999999
[*]OCC[*],[*]CC([*])Cl,,6.32221929473392,,10.1088_1742-6596_908_1_012020_part_1.txt_段1_Material1,2100000.0000000056
[*]OCC[*],[*]CCN[*],,6.504701881045554,,10.1016_j.jpowsour.2011.08.041_part_1.txt_段1_Material1,3196699.999999998
[*]OCC[*],[*]OC1=C(C([*])=CC=C1C)C,,4.247973266361806,,10.1016_j.progpolymsci.2014.10.009_part_5.txt_段1_Material1,17699.99999999999
[*]OCC[*],[*]OCC[*],,5.653212513775344,,10.1016_j.indcrop.2019.111883_part_2.txt_段1_Material1,450000.0000000003
[*]O[C@H](C)CC([*])=O,O=C([*])C(C)O[*],,6.3979400086720375,,10.3390_polym12030647_part_1.txt_段1_Material1,2499999.9999999995
[*]O[C@H](C)CC([*])=O,O=C1CCCN1C([*])C[*],,5.223755453657241,,10.4028_www.scientific.net_amr.1115.296_part_1.txt_段1_Material1,167400.00000000003
[*]O[C@H](C)CC([*])=O,[*]C(C(O[*])C)=O,,6.778151250383644,,10.1016_j.polymer.2011.01.039_part_2.txt_段1_Material1,6000000.000000003
[*]O[C@H](C)CC([*])=O,[*]C([C@H](C)OC([C@H](C)O[*])=O)=O,,5.845098040014257,,10.1016_j.polymdegradstab.2016.09.017_part_7.txt_段1_Material2,700000.0000000001
[*]O[C@H](C)CC([*])=O,[*]OC(CC(OC(CC([*])=O)CC)=O)C,,5.934498451243568,,10.1016_j.compositesa.2019.05.005_part_2.txt_段1_Material2,860000.0000000013
[*]O[C@H](C)CC([*])=O,[*]OCC[*],,5.903089986991944,,10.1021_acsomega.0c05765_part_3.txt_段1_Material3,800000.0000000003
[*]O[C@H](C)CC([*])=O,[*]O[C@H](C)CC([*])=O,,4.927370363039024,,10.1021_acsabm.8b00445_part_1.txt_段1_Material1,84600.00000000017
[*]OC(CC(OC(CC([*])=O)CC)=O)C,C/C(C[*])=C/C[*],,5.688419822002711,,101088_2053-1591_adf707_段162-164_extracted.txt_Part1_Material1,488000.0000000003
[*]CCCC([*])OC(C)=O,C/C(C[*])=C/C[*],,,10.645,10.3390_polym13091397_part_1.txt_段1_Material1,
[*]C([H])([H])C(O)([H])[*],O=C(O)C([*])C[*],,,0.91051,10.1007_s13726-013-0180-0_part_2.txt_段1_Material1,
[*]CC([*])N1CCCC1=O,[*]C([H])([H])C(O)([H])[*],,,15.6,10.1038_s41598-024-80024-x_OA_part_1.txt_段1_Material1,
OCC1OC(C(C(C1O[*])O)O)[*],[*]C([H])([H])C(O)([H])[*],,,3.1,10.1016_j.carbpol.2015.11.042_part_1.txt_段1_Material1,
[*]NC(C(O)=O)CCC([*])=O,O=C(C(C[*])[*])N,,,14.7,10.2147_ijn.s235609_part_1.txt_段1_Material1,
[*]CC[*],[*]CC=CCCC(C#N)[*],,,9.567,10.1080_03602559.2014.974191_part_2.txt_段1_Material1,
O=C(C(C[*])[*])N,OC1C(OC(C(C1O)O)[*])CO[*],,,1.75,10.1002_pi.3035_part_1.txt_段1_Material1,
[*]C(C(OC1O[*])COC(C)=O)C(O)C1NC(C)=O,O=C(C(C[*])[*])N,,,8.0,10.1002_app.38788_part_1.txt_段1_Material1,
O=C(O)C([*])C[*],[*]C([H])([H])C(O)([H])[*],,,0.6437999999999999,10.1016_j.carbpol.2017.03.070_part_2.txt_段1_Material1,
[*]CC(C)(C(OCCO)=O)[*],C[Si](O[*])(C)[*],,,0.58,10.1039_c7py00563f_part_2.txt_段1_Material1,
C/C(C[*])=C/C[*],[*]CCN[*],,,0.27,10.1080_03602559.2010.482079_part_1.txt_段1_Material1,
O=C(C(C[*])[*])N,O=C(O)C([*])C[*],,,0.91,10.1016_j.fuel.2018.03.103_part_1.txt_段1_Material1,
O=C(O)C([*])C[*],[*]CC(C#N)[*],,,0.0616,10.1016_j.radphyschem.2013.04.001_part_1.txt_段1_Material1,
[*]CC(C#N)[*],[*]CC(C#N)[*],,,1.0244,10.1016_j.cej.2018.06.127_part_4.txt_段1_Material1,
[*]C([H])([H])C(O)([H])[*],O=C(C(C[*])[*])N,,,7.0,10.1007_s00289-018-2615-4_part_2.txt_段1_Material1,
[*]C([H])([H])C(O)([H])[*],C/C(C[*])=C/C[*],,,3.5,10.1007_s10924-021-02258-4_part_2.txt_段1_Material1,
[*]CC([*])N1CCCC1=O,C[Si](O[*])(C)[*],,,0.7,10.1002_app.42985_part_2.txt_段1_Material1,
O=C(C(C[*])[*])N,O=C(C(C[*])[*])N,,,26.6,10.1016_j.eurpolymj.2015.04.019_part_1.txt_段1_Material2,
[*]CC(C)(C(OCCO)=O)[*],[*]CC([*])(C)C(OCC[N+](C)(C)CCCS(=O)([O-])=O)=O,,,0.715,10.1002_app.41041_part_1.txt_段1_Material3,
[*]CC(C)(C(OCCO)=O)[*],[*]C([H])([H])C(O)([H])[*],,,9.0,10.1016_j.egypro.2014.07.171_part_2.txt_段1_Material1,
O=C(C(C[*])[*])N,[*]CC([*])N1CCCC1=O,,,0.182,10.1016_j.polymer.2012.12.069_part_2.txt_段1_Material4,
O=C(C(C[*])[*])N,[*]OCC[*],,,5.39,10.19080_ajop.2019.03.555614_OA_part_1.txt_段1_Material1,
O=C(O)C([*])C[*],O=C(C(C[*])[*])N,,,0.15,10.1021_ma301025a_part_1.txt_段1_Material1,
[*]CC([*])N1CCCC1=O,O=C(O)C([*])C[*],,,0.27,10.5897_ajb-11-2333_part_1.txt_段1_Material1,
[*]C([H])([H])C(O)([H])[*],[*]NC(C(O)=O)CCC([*])=O,,,0.0395999999999999,10.4028_www.scientific.net_amr.1095.423_part_1.txt_段1_Material1,
[*]C([C@H](C)OC([C@H](C)O[*])=O)=O,[*]NC(C(O)=O)CCC([*])=O,,,3.21,10.1007_s10965-018-1488-4_part_1.txt_段1_Material1,
O=C(C(C[*])[*])N,[*]NC(C(O)=O)CCC([*])=O,,,1.5,10.1007_s00289-011-0549-1_10.1007_s00289-011-0549-1_part_2.txt_段1_Material1,
O=C([*])C(C)O[*],[*]OCC[*],,,1.38,10.4028_www.scientific.net_msf.789.130_part_1.txt_段1_Material1,
[*]C([H])([H])C(O)([H])[*],[*]OCC[*],,,5.8,10.1080_10601325.2019.1607377_part_2.txt_段1_Material2,
[*]C(C)C(OCC(O[*])=O)=O,[*]C([H])([H])C(O)([H])[*],,,2.8,10.1016_j.jconrel.2016.03.011_part_3.txt_段1_Material1,
O=C([*])C(C)O[*],[*]NC(C(O)=O)CCC([*])=O,,,0.4134,10.1007_s12221-021-9320-x_part_2.txt_段1_Material1,
[*]C([H])([H])C(O)([H])[*],[*]CC([*])N1CCCC1=O,,,25.0,10.1007_s13726-021-00949-2_part_2.txt_段1_Material2,
[*]C([H])([H])C(O)([H])[*],[*]CCN[*],,,1.11,单宁酸交联 PVA PEI 基水凝胶作为具有自修复和高抗菌性能的潜在伤口敷料的研究.pdf,
[*]OCC[*],[*]OCC[*],,,25.1,"原位共价交联 PEG 水凝胶,用于眼部药物递送应用.pdf",
CC(O[*])CC([*])=O,[*]OCC[*],,,60.0,聚羟基脂肪酸酯有机 水凝胶的合成和表征.pdf,
[*]CC(CC([*])C(O)=O)C(NC(C)C)=O,[*]NC(CCC([*])=O)C(O)=O,,,14.7,"负载超氧化物歧化酶的聚(N-异丙基丙烯酰胺)聚(γ-谷氨酸)热敏水凝胶,用于伤口敷料应用.pdf",
[*]OCC[*],[*]C([H])([H])C(O)([H])[*],,,4.5,用于生物医学应用的基于聚乙二醇(PEG)-聚(N-异丙基丙烯酰胺)(PNIPAAm)的热敏可注射水凝胶。,
[*]C([H])([H])C(O)([H])[*],[*]C(C(OC(O[*])C=O)CO)C=O,,,16.3,具有可调性能的生物相容性二醛纤维素 聚乙烯醇水凝胶.pdf,
[*]NC(CCC([*])=O)C(O)=O,[*]C([H])([H])C(O)([H])[*],,,5.66,新型聚(γ-谷氨酸)聚乙烯醇水凝胶的血液相容性.pdf,
[*]OCC[*],[Na]OS(CC(C)(C)NC(C([*])C[*])=O)(=O)=O,,,300.0,模型水凝胶的网络弹性随膨胀比的函数：从收缩到极端膨胀状态.pdf,
C[Si](C)(C[*])O[*],[*]OCC[*],,,5.0,光交联 PDMSstar-PEG 水凝胶：组织工程支架的合成、表征和潜在应用.pdf,
[*]OCC[*],[*]C(OCCCO[*])=O,,,58.8,通过光引发交联制备的生物可吸收水凝胶 二丙烯酸化 PTMC-PEG-PTMC 三嵌段共聚物作为抗肿瘤药物的潜在载体.pdf,
